Array
    1
    4
    11
    26
    27
    33
    34
    35
    46
    49
    56
    63
    64
    66
    68
    74
    81
    88
    105
    118
    121
    122
    128
    135
    136
    139
    153
    162
    167
    169
    189
    198
    209
    215
    217
    219
    228
    238
    239
    240
    274
    283
    377
    380
    403
    435
    452
    456
    486
    518
    542
    646
    735
    852
    875
    896
    905
    1282
    1326
    1337
    1351
    1431
    1470
    1584
    1631
    1658
    1679
    1870
    2366
    2369
    2616
    2707
Backtracking
    17
    46
    77
    95
Binary Search
    4
    33
    34
    35
    69
    74
    81
    153
    162
    167
    209
    240
    456
    852
    875
    1337
    1351
    1631
    1658
    1870
    2616
Binary Search Tree
    95
Binary Tree
    95
    100
    101
    104
    105
    112
    114
    129
    226
Bit Manipulation
    29
    67
    136
    190
    191
    201
    338
    389
Combinatorics
    62
    920
    1359
Hash Table
    1
    3
    12
    13
    17
    49
    105
    128
    138
    139
    141
    146
    169
    202
    205
    217
    219
    242
    290
    380
    383
    389
    767
    1282
    1647
    1658
    1679
    2707
Linked List
    2
    21
    86
    92
    114
    138
    141
    146
    445
    725
Math
    2
    7
    9
    12
    13
    29
    50
    62
    66
    67
    69
    70
    168
    171
    172
    189
    202
    380
    445
    920
    1359
    2366
    2469
Matrix
    63
    64
    74
    240
    542
    1337
    1351
    1631
Recursion
    2
    10
    21
    50
    486
String
    3
    6
    10
    12
    13
    14
    17
    28
    49
    67
    68
    97
    125
    139
    151
    168
    171
    205
    242
    290
    316
    383
    389
    392
    459
    712
    767
    880
    1309
    1647
    1768
    2483
    2707
String Matching
    28
    459
SlidingWindow
    3
    209
    219
    239
    1658
Stack
    114
    225
    316
    445
    456
    735
    880
Sorting
    49
    56
    88
    169
    215
    217
    242
    274
    389
    435
    452
    646
    767
    905
    1337
    1489
    1647
    1679
Monotonic Stack
    316
    456
Monotonic Queue
    239
Ordered Set
    456
Design
    146
    225
    380
Divide and Conquer
    4
    105
    169
    190
    191
    215
    240
Doubly-Linked List
    146
Dynamic Programming
    10
    62
    63
    64
    70
    95
    97
    118
    121
    122
    139
    198
    338
    377
    392
    403
    435
    486
    518
    542
    646
    712
    920
    1326
    1359
    2369
    2707
Two Pointers
    11
    26
    27
    28
    86
    88
    125
    141
    151
    167
    189
    202
    283
    392
    905
    1679
    1768
Greedy
    11
    122
    135
    316
    435
    452
    646
    767
    1326
    1647
    2366
    2616
Trie
    14
    139
    2707
Tree
    95
    100
    101
    104
    105
    112
    114
    129
    226
Simulation
    67
    68
    735
Memoization
    70
    139
Deep-First Search
    100
    101
    112
    114
    129
    207
    226
    802
    1203
    1631
Breadth-First Search
    100
    104
    112
    207
    226
    542
    802
    1203
    1631
Union Find
    128
    1489
    1584
    1631
Counting
    169
    383
    767
Topological Sort
    207
    802
    1203
Graph
    207
    802
    1203
    1489
    1584
    1615
Prefix Sum
    209
    238
    1658
    2483
Heap (Priority Queue)
    215
    239
    767
    1337
    1631
Quickselect
    215
Queue
    225
Counting Sort
    274
Randomized
    380
Game Theory
    486
Minimum Spanning Tree
    1489
    1584
Strongly Connected Component
    1489
